5000                    1.0
25000                   4.0
45000                   7.0
65000                   7.0
85000                   10.0
105000                  10.0
125000                  14.0
145000                  13.0
165000                  16.0
185000                  20.0
205000                  20.0
225000                  25.0
245000                  24.0
265000                  28.0
285000                  28.0
305000                  32.0
325000                  38.0
345000                  35.0
365000                  35.0
385000                  39.0
405000                  40.0
425000                  42.0
445000                  47.0
465000                  49.0
485000                  47.0
505000                  49.0
525000                  50.0
545000                  53.0
565000                  55.0
585000                  57.0
605000                  65.0
625000                  68.0
645000                  62.0
665000                  64.0
685000                  71.0
705000                  70.0
725000                  71.0
745000                  73.0
765000                  78.0
785000                  78.0
805000                  84.0
825000                  81.0
845000                  91.0
865000                  86.0
885000                  89.0
905000                  93.0
925000                  94.0
945000                  104.0
965000                  98.0
985000                  103.0
1005000                 103.0
1025000                 105.0
1045000                 110.0
1065000                 109.0
1085000                 111.0
1105000                 115.0
1125000                 114.0
1145000                 123.0
1165000                 121.0
1185000                 124.0
1205000                 127.0
1225000                 127.0
1245000                 133.0
1265000                 131.0
1285000                 133.0
1305000                 133.0
1325000                 135.0
1345000                 142.0
1365000                 141.0
1385000                 156.0
1405000                 143.0
1425000                 153.0
1445000                 150.0
1465000                 156.0
1485000                 152.0
1505000                 160.0
1525000                 160.0
1545000                 166.0
1565000                 165.0
1585000                 172.0
1605000                 166.0
1625000                 175.0
1645000                 173.0
1665000                 176.0
1685000                 175.0
1705000                 180.0
1725000                 185.0
1745000                 184.0
1765000                 185.0
1785000                 187.0
1805000                 187.0
1825000                 197.0
1845000                 199.0
1865000                 200.0
1885000                 202.0
1905000                 200.0
1925000                 209.0
1945000                 204.0
1965000                 204.0
1985000                 219.0
